"sample" "input" "filtered" "denoisedF" "denoisedR" "merged" "nonchim"
"BLANK_C1_A1" 57146 184 41 1 0 0
"BLANK_C1_F6" 36101 110 54 1 0 0
"BLANK_C2_A1" 21474 134 64 2 0 0
"BLANK_C2_F6" 122206 120318 116281 118652 97330 97269
"BLANK_C3_A1" 30 1 1 1 0 0
"BLANK_C3_H8" 7005 61 6 4 2 2
"BLANK_C4_A1" 9702 32 23 1 0 0
"BLANK_D1_F6" 18490 196 17 17 0 0
"BLANK_D2_A1" 23708 1286 816 1080 0 0
"BLANK_D2_F6" 14222 105 14 14 0 0
"BLANK_D3_A1" 28108 188 8 1 0 0
"BLANK_D3_F6" 13561 115 3 3 0 0
"BLANK_D4_A1" 5267 98 7 2 0 0
"Blank_R1_Fall" 10125 122 4 1 0 0
"Blank_R1_Spring" 50055 649 499 432 0 0
"Blank_R1_Summer" 7768 290 167 170 25 25
"Blank_R1_Winter" 9395 85 44 1 0 0
"Blank_R2_Fall" 8549 99 58 2 0 0
"Blank_R2_Spring" 8885 120 59 1 0 0
"Blank_R2_Summer" 8669 393 256 259 0 0
"Blank_R2_Winter" 9644 76 26 1 0 0
"Blank_R3_Fall" 7871 108 27 2 0 0
"Blank_R3_Spring" 38579 513 334 4 0 0
"Blank_R3_Summer" 10341 1560 1399 1430 10 10
"Blank_R3_Winter" 9668 87 25 1 0 0
"BLANK_WP2C_plate1" 26967 393 52 54 52 52
"BLANK_WP2C_plate2" 27658 394 61 61 59 59
"BLANK_WP2C_plate3" 14065 190 140 2 0 0
"BLANK_WP2C_plate4" 21123 16134 16061 16062 16060 16060
"BLANK-ACTGTGTC_GACACAGT" 13689 137 11 14 0 0
"BLANK-AGTGCAGT_ACTGCACT" 17525 855 704 708 704 704
"BLANK-CGAACTGT_ACAGTTCG" 97634 94943 93526 94332 89060 88996
"BLANK-GTCTAGGT_ACCTAGAC" 23655 250 6 10 0 0
"BLANK-TACGCCTT_AAGGCGTA" 12808 113 68 1 0 0
"BLANK-TCAGACGA_TCGTCTGA" 17287 197 67 1 0 0
"BLANK-TCAGGCTT_AAGCCTGA" 5713 76 24 6 0 0
"C01_R1_Fall" 56075 49875 47308 48943 30905 30859
"C01_R1_Spring" 98211 91782 88644 90519 76815 75576
"C01_R1_Summer" 79950 70609 67688 69469 48212 47859
"C01_R1_Winter" 28241 23347 21432 22618 7487 7487
"C01_R2_Fall" 46981 41886 38634 40640 21083 21070
"C01_R2_Spring" 79581 73872 71913 72920 61964 61795
"C01_R2_Summer" 40244 34221 32827 33786 22794 22576
"C01_R2_Winter" 36051 31439 29953 30698 16538 16530
"C01_R3_Fall" 188634 182222 175183 179095 48067 47840
"C01_R3_Spring" 74374 66251 63906 65024 57450 57298
"C01_R3_Summer" 94464 89599 88261 88773 81233 80513
"C01_R3_Winter" 33960 27474 25715 26595 13747 13745
"C02_R1_Fall" 46222 41536 38520 40550 26647 26477
"C02_R1_Spring" 62165 56219 54098 55391 48404 48204
"C02_R1_Summer" 80325 76132 75008 75591 73782 73353
"C02_R1_Winter" 149441 143562 142188 143096 107334 107314
"C02_R2_Fall" 71403 63765 60849 62787 49575 49502
"C02_R2_Spring" 22879 16784 15350 16234 5638 5631
"C02_R2_Summer" 64780 62569 61084 61810 59261 59217
"C02_R2_Winter" 152293 145900 144518 145507 114918 114905
"C02_R3_Fall" 41360 34461 31229 33372 20789 20751
"C02_R3_Spring" 82079 77112 75549 76554 66709 66520
"C02_R3_Summer" 19896 13016 11132 12275 6461 6401
"C02_R3_Winter" 178759 170571 169963 170270 156159 156159
"C03_R1_Fall" 129999 124635 119145 122488 68498 68477
"C03_R1_Spring" 104840 96305 93513 95300 80234 80070
"C03_R1_Summer" 75614 73303 71653 72361 70421 70155
"C03_R1_Winter" 94672 82436 79156 81010 70410 70406
"C03_R2_Fall" 62599 56441 52205 55008 29465 29458
"C03_R2_Spring" 80879 73593 70581 72342 59618 59473
"C03_R2_Summer" 4090797 4010053 4005480 4004496 3899291 3806740
"C03_R2_Winter" 90174 84975 83184 84415 76627 76404
"C03_R3_Fall" 112980 106898 103376 105489 90030 89971
"C03_R3_Spring" 103582 97358 93516 95966 81255 81009
"C03_R3_Summer" 38404 30012 27917 29243 15149 15149
"C03_R3_Winter" 7708 5925 4705 5522 648 648
"C04_R1_Fall" 61276 55551 52245 54039 43873 43842
"C04_R1_Spring" 29298 18478 16717 17534 10662 10643
"C04_R1_Summer" 22924 8618 7735 8109 255 255
"C04_R1_Winter" 67782 60334 58987 59592 51870 51844
"C04_R2_Fall" 122706 115898 112693 114764 104277 104154
"C04_R2_Spring" 25249 12910 10284 11882 4140 4122
"C04_R2_Summer" 36500 27052 25151 26323 8852 8852
"C04_R2_Winter" 57482 51346 49584 50524 43794 43771
"C04_R3_Fall" 78533 69973 66997 68743 56657 56554
"C04_R3_Spring" 27529 17190 14928 16274 9601 9596
"C04_R3_Summer" 67814 59366 57924 58689 47203 46671
"C04_R3_Winter" 108139 103318 102228 102901 93005 92985
"C05_R1_Fall" 69597 61635 58471 60559 42182 42066
"C05_R1_Spring" 43004 32085 29735 31125 25171 25081
"C05_R1_Summer" 57394 46670 43635 45681 35861 35695
"C05_R1_Winter" 124340 120146 117615 119092 109015 108992
"C05_R2_Fall" 39511 30864 27942 29745 14790 14648
"C05_R2_Spring" 86252 80133 76747 78966 68827 68349
"C05_R2_Summer" 43837 32453 29938 31497 20459 20455
"C05_R2_Winter" 25362 21622 20519 21298 8086 8086
"C05_R3_Fall" 54590 45501 42053 44034 25834 25814
"C05_R3_Spring" 93253 86858 84042 85527 72750 72185
"C05_R3_Summer" 56123 43786 40702 42584 25881 25171
"C05_R3_Winter" 124959 120392 119135 119817 66845 66773
"C06_R1_Fall" 69549 61190 58300 60027 43896 43829
"C06_R1_Spring" 18088 10217 8990 9859 3690 3671
"C06_R1_Summer" 14012 11196 8947 10262 26 26
"C06_R1_Winter" 75037 71463 69805 70949 49557 48613
"C06_R2_Fall" 60419 52123 49208 50889 37554 37507
"C06_R2_Spring" 22012 12177 10066 11268 5083 4767
"C06_R2_Summer" 14907 6553 5431 6024 1072 1072
"C06_R2_Winter" 70128 64747 63449 64154 45828 45823
"C06_R3_Fall" 105649 97939 95749 97125 82930 82706
"C06_R3_Spring" 31595 22392 20590 21421 14648 14616
"C06_R3_Summer" 26680 20419 18499 19708 7987 7987
"C06_R3_Winter" 81698 78060 76387 77505 55214 55213
"C07_R1_Fall" 109213 103890 100036 102261 85676 84595
"C07_R1_Spring" 111551 108872 105926 107717 99220 96502
"C07_R1_Summer" 113792 107428 103782 106024 84762 84338
"C07_R1_Winter" 134135 130728 128488 129720 116352 116251
"C07_R2_Fall" 189722 182766 175443 180102 95741 95214
"C07_R2_Spring" 87041 80319 78148 79372 70898 70640
"C07_R2_Summer" 138612 134836 131057 133550 114721 112437
"C07_R2_Winter" 112240 109739 107491 108846 94656 94568
"C07_R3_Fall" 132973 127174 123314 125894 106493 105281
"C07_R3_Spring" 119078 116869 113736 115650 104965 100998
"C07_R3_Summer" 96492 89092 85387 87890 69723 69516
"C07_R3_Winter" 116302 113978 111677 113176 97798 97593
"C08_R1_Fall" 141273 133780 130171 132352 120466 120268
"C08_R1_Spring" 124685 117252 114083 116124 102610 102339
"C08_R1_Summer" 70092 63779 60467 62718 39498 39443
"C08_R1_Winter" 106892 104790 103433 104334 91076 90816
"C08_R2_Fall" 112863 107894 104476 106630 93681 93566
"C08_R2_Spring" 92897 84980 82708 83883 73083 72828
"C08_R2_Summer" 37011 30037 27170 29053 18401 18334
"C08_R2_Winter" 144320 141684 140012 140987 126080 126024
"C08_R3_Fall" 115945 109208 105488 107869 95345 95187
"C08_R3_Spring" 122245 117277 114081 116055 100470 99826
"C08_R3_Summer" 37453 31786 28312 30728 18669 18426
"C08_R3_Winter" 114331 111537 109886 110804 95748 95739
"C09_R1_Fall" 130255 126720 123990 125530 115180 113434
"C09_R1_Spring" 92173 89088 86038 87676 75497 74331
"C09_R1_Summer" 139827 134738 131899 133694 109583 108104
"C09_R1_Winter" 217107 213664 210912 212729 200300 199308
"C09_R2_Fall" 126961 123056 119799 121588 109472 108258
"C09_R2_Spring" 200176 192832 186328 190300 135203 133211
"C09_R2_Summer" 158035 152180 149481 151031 123791 122475
"C09_R2_Winter" 135763 133465 131220 132508 124271 123209
"C09_R3_Fall" 166803 161014 157963 159633 147727 145844
"C09_R3_Spring" 83646 79827 75106 78364 67326 66464
"C09_R3_Summer" 67180 60168 56218 59370 37610 37551
"C09_R3_Winter" 144868 141026 138125 139846 128531 127254
"C10_R1_Fall" 148052 143231 138880 141527 125043 124328
"C10_R1_Spring" 140314 134812 131997 133468 118072 115519
"C10_R1_Summer" 71867 66429 62432 64754 53649 53246
"C10_R1_Winter" 48686 45543 43933 44788 36249 36076
"C10_R2_Fall" 124822 119737 116171 118308 103892 103173
"C10_R2_Spring" 112965 110026 106560 108349 92077 89428
"C10_R2_Summer" 68314 61540 57547 59937 49033 48904
"C10_R2_Winter" 39242 37545 36275 37002 28059 27979
"C10_R3_Fall" 107250 99308 96598 98301 87324 86833
"C10_R3_Spring" 66479 64265 61201 62905 50629 49464
"C10_R3_Summer" 96535 90613 86637 89069 76039 75683
"C10_R3_Winter" 31210 28794 27372 28195 17502 17464
"C11_R1_Fall" 128117 123156 120672 122038 110017 109718
"C11_R1_Spring" 143564 139549 136951 138356 123108 122047
"C11_R1_Summer" 87251 81732 78858 80786 60735 60669
"C11_R1_Winter" 42841 41127 39806 40615 34302 34261
"C11_R2_Fall" 129813 125390 122752 124281 112171 111819
"C11_R2_Spring" 116699 113179 110494 112021 97997 97033
"C11_R2_Summer" 64622 56417 54385 55903 31907 31888
"C11_R2_Winter" 34062 31149 30022 30683 26425 26425
"C11_R3_Fall" 138857 135383 132587 134135 121397 120666
"C11_R3_Spring" 141018 138065 134734 136595 120502 118658
"C11_R3_Summer" 98190 92786 89433 91593 64391 64238
"C11_R3_Winter" 32868 32181 31208 31848 28552 28431
"C12_R1_Fall" 40359 35492 33006 34652 23616 23550
"C12_R1_Spring" 143293 134347 130824 133373 93511 92918
"C12_R1_Summer" 111977 106132 102955 104870 94033 93840
"C12_R1_Winter" 22584 20612 19981 20317 18850 18850
"C12_R2_Fall" 122149 115613 109653 112877 74956 74750
"C12_R2_Spring" 150009 144964 140892 143925 98679 98050
"C12_R2_Summer" 52616 46670 43832 45502 36179 36101
"C12_R2_Winter" 12969 2992 2272 2749 564 545
"C12_R3_Fall" 57879 53131 50196 51883 40305 39846
"C12_R3_Spring" 179574 174510 169605 173053 117822 115971
"C12_R3_Summer" 120211 115875 112972 114761 102123 101786
"C12_R3_Winter" 10960 5260 4176 4800 2370 2370
"C13_R1_Fall" 125690 120563 119122 119931 110516 110305
"C13_R1_Spring" 142091 136570 134252 135314 123878 122667
"C13_R1_Summer" 66724 61092 58079 59731 50946 50830
"C13_R1_Winter" 33244 28104 26977 27628 24692 24675
"C13_R2_Fall" 79372 72771 70756 71952 59269 59215
"C13_R2_Spring" 90449 85470 83207 84541 74636 73905
"C13_R2_Summer" 85878 80098 77514 79077 70157 70011
"C13_R2_Winter" 12762 7257 6207 6848 4745 4744
"C13_R3_Fall" 46612 40440 38948 39665 29067 29024
"C13_R3_Spring" 157955 153409 150942 152215 140654 137158
"C13_R3_Summer" 80157 73345 70296 72199 63626 63518
"C13_R3_Winter" 22715 19275 17936 18757 15576 15572
"C14_R1_Fall" 144614 138238 135724 137136 118205 118150
"C14_R1_Spring" 132884 129772 126978 128568 108135 107300
"C14_R1_Summer" 121832 115597 111140 114394 98679 98514
"C14_R1_Winter" 41502 37369 36270 36906 22017 22016
"C14_R2_Fall" 116163 112204 109078 110829 88172 88023
"C14_R2_Spring" 144637 140309 137605 139176 123615 122805
"C14_R2_Summer" 91594 86019 82780 84887 72071 71843
"C14_R2_Winter" 52261 47878 46628 47362 35473 35465
"C14_R3_Fall" 111877 106806 104213 105656 83950 83870
"C14_R3_Spring" 136162 131641 128853 130364 112585 111486
"C14_R3_Summer" 126340 121290 117871 119924 104449 104054
"C14_R3_Winter" 45197 42726 41509 42165 28973 28966
"E01_R1_T01" 9027 7514 6707 7022 6182 6182
"E01_R1_T02" 2192 1669 1134 1415 721 721
"E01_R1_T03" 9496 2045 1525 1794 22 22
"E01_R1_T04" 7357 2368 1660 2068 529 529
"E01_R1_T05" 29709 10727 9191 9912 3402 3402
"E01_R1_T06" 49882 48427 47503 48113 38922 38922
"E01_R1_T07" 6846 1199 508 781 13 13
"E01_R1_T08" 8449 7957 6952 7419 649 649
"E01_R1_T09" 150966 147479 144930 146500 103400 103233
"E01_R1_T10" 2084 1807 1111 1352 87 87
"E01_R1_T11" 59020 55338 54546 54999 52540 52540
"E01_R1_T12" 47389 43522 42733 43203 41254 41254
"E01_R1_T13" 162449 159064 156760 158559 127870 127523
"E01_R1_T14" 8843 8496 7882 8309 6465 6413
"E01_R1_T15" 101581 94728 92940 94157 73731 73573
"E01_R1_T17" 23768 3756 2638 3103 791 791
"E01_R1_T18" 53391 38148 38016 38002 36736 36736
"E01_R1_T19" 3920 161 133 138 89 89
"E01_R2_T01" 10386 9070 8413 8618 7635 7635
"E01_R2_T02" 11999 9531 9036 9323 8671 8671
"E01_R2_T03" 12212 858 504 599 84 84
"E01_R2_T04" 97615 28685 27615 28227 24158 24158
"E01_R2_T05" 30328 23534 21779 22939 15721 15721
"E01_R2_T06" 61853 58974 57723 58522 47051 47051
"E01_R2_T07" 1993 1291 572 932 0 0
"E01_R2_T08" 6123 3270 2391 2751 867 867
"E01_R2_T09" 25122 14760 13098 14000 8031 8031
"E01_R2_T10" 3795 2102 1444 1689 89 89
"E01_R2_T11" 33290 25269 24458 24866 23297 23297
"E01_R2_T12" 69269 66911 65831 66582 49802 49802
"E01_R2_T13" 85366 78291 76786 77745 54371 50474
"E01_R2_T14" 26040 25107 24309 24895 21954 21883
"E01_R2_T15" 145467 138568 136965 138065 107489 107366
"E01_R2_T17" 15581 3564 2457 2889 382 382
"E01_R2_T18" 16187 10495 9904 10100 8963 8963
"E01_R2_T19" 30335 24188 23521 23495 21320 21320
"E01_R3_T01" 59252 53592 52935 53058 52142 52058
"E01_R3_T02" 678 552 303 356 26 26
"E01_R3_T03" 15591 1518 1096 1235 630 630
"E01_R3_T04" 89738 4046 2955 3397 1367 1367
"E01_R3_T05" 15051 7178 5812 6437 1029 1029
"E01_R3_T06" 70598 66348 65312 66085 58407 58407
"E01_R3_T07" 4478 1661 815 1243 57 57
"E01_R3_T08" 8478 6093 5242 5494 2298 2298
"E01_R3_T09" 6312 4061 2922 3216 758 758
"E01_R3_T10" 4138 2631 1568 1947 167 167
"E01_R3_T11" 58140 54006 53197 53651 51790 51790
"E01_R3_T12" 54701 51603 50925 51253 48982 48979
"E01_R3_T13" 199435 177051 172974 176303 89123 88792
"E01_R3_T14" 3195 3073 2908 2985 2713 2687
"E01_R3_T15" 76127 68778 66523 68112 40590 40482
"E01_R3_T17" 38388 3385 2140 2666 428 428
"E01_R3_T18" 24675 9645 8865 9067 7809 7809
"E01_R3_T19" 6182 2827 1946 2280 640 640
"E02_R1_T01" 14455 12941 12315 12576 11664 11664
"E02_R1_T02" 4513 3758 3599 3628 3587 3587
"E02_R1_T03" 9884 1127 720 896 72 72
"E02_R1_T04" 36928 19407 18548 19028 15551 15551
"E02_R1_T05" 11482 9784 8396 9192 4879 4879
"E02_R1_T06" 21412 20657 19594 20337 10948 10942
"E02_R1_T07" 3158 2366 1766 1776 39 39
"E02_R1_T08" 4170 2994 2062 2438 712 712
"E02_R1_T09" 65735 62098 60284 60858 46856 46856
"E02_R1_T10" 2399 2230 1364 1738 61 61
"E02_R1_T11" 62584 56490 55777 56162 54243 54243
"E02_R1_T12" 57129 55885 54955 55641 42563 42563
"E02_R1_T13" 158915 129600 126142 128850 68593 68332
"E02_R1_T14" 55 53 25 32 23 23
"E02_R1_T15" 79025 65980 63859 65427 28458 28170
"E02_R1_T17" 43587 4537 3038 3697 962 962
"E02_R1_T18" 13128 6744 6085 6377 5209 5209
"E02_R1_T19" 8205 6954 6294 6552 5605 5605
"E02_R2_T01" 63581 59482 58672 58941 57714 57588
"E02_R2_T02" 3719 2403 1954 2144 1572 1572
"E02_R2_T03" 51209 33692 33079 33277 27128 27128
"E02_R2_T04" 86310 49338 48331 48674 39892 39892
"E02_R2_T05" 7715 6158 4703 5428 1047 1047
"E02_R2_T06" 75376 72892 71712 72471 59727 59704
"E02_R2_T07" 3805 2583 2037 1926 31 31
"E02_R2_T08" 5116 4452 3416 3858 1005 1005
"E02_R2_T09" 14648 7551 6641 6905 1782 1782
"E02_R2_T10" 2563 2400 1717 2021 193 193
"E02_R2_T11" 80229 77357 76250 77004 67999 67999
"E02_R2_T12" 57227 56217 55269 55900 43478 43478
"E02_R2_T13" 160318 151004 147865 150477 80309 79365
"E02_R2_T14" 125640 114195 113795 113933 107509 107077
"E02_R2_T15" 101656 93074 91244 92581 59296 59180
"E02_R2_T17" 53000 15009 12949 13986 7401 7401
"E02_R2_T18" 20012 11511 10691 10855 9532 9532
"E02_R2_T19" 20032 16999 16503 16635 15168 15168
"E02_R3_T01" 25582 19368 18672 19079 17997 17978
"E02_R3_T02" 1895 1424 1072 1209 639 639
"E02_R3_T03" 19835 2944 2453 2589 1767 1767
"E02_R3_T04" 72346 65162 64380 64561 53548 53548
"E02_R3_T05" 16589 8552 7085 7901 4058 4058
"E02_R3_T06" 57456 55447 54490 55152 48882 48882
"E02_R3_T07" 2430 1732 941 1174 16 16
"E02_R3_T08" 8427 3745 2806 3074 626 626
"E02_R3_T09" 11443 9523 6734 7498 954 954
"E02_R3_T10" 3059 2882 1809 2280 685 685
"E02_R3_T11" 82332 80587 79386 80227 70596 70596
"E02_R3_T12" 60651 59356 58387 59038 49503 49503
"E02_R3_T13" 88682 47729 46388 46989 36848 36739
"E02_R3_T14" 110017 97602 95644 96818 83464 82989
"E02_R3_T15" 130090 123470 121488 122816 86266 85728
"E02_R3_T18" 5522 4351 3710 4024 2774 2774
"E02_R3_T19" 16794 14832 13881 14144 12005 12005
"E03_R1_T01" 7936 6806 6403 6651 6021 6021
"E03_R1_T02" 7687 6861 6491 6622 6316 6316
"E03_R1_T03" 15398 1047 492 624 0 0
"E03_R1_T04" 121070 108493 106412 107907 41655 41655
"E03_R1_T05" 146496 143034 141321 142198 106958 106958
"E03_R1_T06" 40821 39752 39274 39613 38140 38140
"E03_R1_T07" 1873 1464 511 982 34 34
"E03_R1_T08" 5787 3836 2814 3247 991 991
"E03_R1_T09" 13908 8669 5433 6627 718 718
"E03_R1_T10" 3231 2630 1413 2054 219 219
"E03_R1_T11" 43340 30630 29744 30134 28192 28192
"E03_R1_T12" 55408 52366 51698 52138 44354 44354
"E03_R1_T13" 152477 147188 144141 146588 97748 97748
"E03_R1_T14" 106485 101585 99552 101002 58627 58231
"E03_R1_T15" 140952 134097 132227 133671 97639 97639
"E03_R1_T17" 31390 6386 5214 5583 787 787
"E03_R1_T18" 10875 7297 6556 6879 5476 5476
"E03_R1_T19" 6201 4474 3717 3856 1843 1843
"E03_R2_T01" 4650 3670 3009 3415 2727 2727
"E03_R2_T02" 60158 51464 50875 51196 50601 50600
"E03_R2_T03" 43003 1625 816 1269 27 27
"E03_R2_T04" 246692 169794 163718 168320 28592 28500
"E03_R2_T05" 237543 212295 210458 211324 171144 171144
"E03_R2_T06" 48304 46568 45133 46088 36054 36048
"E03_R2_T07" 4071 1572 530 1091 62 62
"E03_R2_T08" 7593 5980 4837 5334 1611 1611
"E03_R2_T09" 6819 4234 3196 3518 1859 1859
"E03_R2_T10" 5775 4521 3357 3981 628 621
"E03_R2_T11" 66634 51764 50700 51352 41287 40915
"E03_R2_T12" 65991 63463 62458 63127 59346 59346
"E03_R2_T13" 151680 140339 138193 139590 95551 95415
"E03_R2_T14" 115135 104058 102823 103689 94225 93775
"E03_R2_T15" 102958 93031 91298 92450 63135 62625
"E03_R2_T17" 88842 71550 69934 70875 64765 64765
"E03_R2_T18" 26205 18293 17337 17653 15806 15806
"E03_R2_T19" 7189 3700 2815 3036 752 752
"E03_R3_T01" 3874 3164 2588 2905 2129 2129
"E03_R3_T02" 35117 11057 10573 10677 10474 10473
"E03_R3_T03" 23050 2366 1616 1871 280 280
"E03_R3_T04" 92357 58730 57242 58187 39545 39545
"E03_R3_T05" 76049 66825 64883 65948 48872 48872
"E03_R3_T06" 43242 39840 38817 39603 32558 32558
"E03_R3_T07" 7881 1560 666 1079 66 66
"E03_R3_T08" 4286 3126 1986 2423 558 558
"E03_R3_T09" 3019 1864 536 1185 106 106
"E03_R3_T10" 2376 1975 1109 1460 194 194
"E03_R3_T11" 54450 51458 50525 51112 49476 49476
"E03_R3_T12" 68962 68036 66623 67620 52011 52011
"E03_R3_T13" 180967 172298 169334 171628 116486 116248
"E03_R3_T14" 60576 53110 51971 52710 44523 44276
"E03_R3_T15" 95060 88216 86317 87663 59465 59086
"E03_R3_T17" 41454 18960 17741 18306 16275 16275
"E03_R3_T18" 45793 20157 19121 19416 17919 17919
"E03_R3_T19" 23592 17367 16267 16530 14443 14443
"E04_R1_T01" 5526 4028 3433 3672 3064 3064
"E04_R1_T02" 4390 857 78 469 11 11
"E04_R1_T03" 70275 64535 63042 63891 50982 50982
"E04_R1_T04" 122600 105509 102689 104575 49307 49307
"E04_R1_T05" 145755 143589 140093 142382 98219 98219
"E04_R1_T06" 37325 34541 32976 33952 26559 26516
"E04_R1_T07" 2714 1498 375 842 42 42
"E04_R1_T08" 8267 7456 6849 7120 537 537
"E04_R1_T09" 9007 7304 4125 5760 4 4
"E04_R1_T10" 24117 23367 21241 22299 22 22
"E04_R1_T11" 49294 47087 46091 46700 45431 45431
"E04_R1_T12" 53299 46102 44998 45581 40569 40569
"E04_R1_T13" 106258 84640 74466 83546 56159 51235
"E04_R1_T14" 111634 105709 103359 104556 85760 85244
"E04_R1_T15" 140408 136289 134062 135568 100456 100315
"E04_R1_T17" 53446 12275 10249 11209 2192 2192
"E04_R1_T18" 43880 24017 22974 23344 22024 22024
"E04_R1_T19" 20380 11367 10638 10709 7815 7815
"E04_R2_T01" 63665 59900 59374 59530 57260 57260
"E04_R2_T02" 46664 40144 39033 39566 36801 36801
"E04_R2_T03" 116405 112260 110005 111501 64080 63906
"E04_R2_T04" 5991 2199 1134 1700 366 366
"E04_R2_T05" 162897 156088 152263 154528 108414 108414
"E04_R2_T06" 48566 46131 44396 45541 35267 35174
"E04_R2_T07" 4222 1997 734 1206 171 171
"E04_R2_T08" 15559 7483 5943 6458 2404 2404
"E04_R2_T09" 3136 2459 1328 1544 210 208
"E04_R2_T10" 30580 29091 26405 28074 0 0
"E04_R2_T11" 89504 87227 85395 86657 82921 82921
"E04_R2_T12" 86963 86055 84648 85629 74755 74754
"E04_R2_T13" 161771 152338 150038 151563 118286 117934
"E04_R2_T14" 164920 158679 155879 157681 130426 130019
"E04_R2_T15" 155012 151886 148934 151088 117798 116913
"E04_R2_T17" 26827 3128 1549 2381 269 269
"E04_R2_T18" 33136 22703 20967 21691 20136 20136
"E04_R2_T19" 8765 4888 3725 4022 916 916
"E04_R3_T01" 4270 3595 2920 3085 2391 2391
"E04_R3_T02" 3107 1009 297 641 12 12
"E04_R3_T03" 143824 129481 128609 129026 106917 106917
"E04_R3_T04" 171757 144078 142677 143413 117914 117914
"E04_R3_T05" 175168 172699 168998 171466 105376 105376
"E04_R3_T06" 63808 60522 58601 59804 46754 46647
"E04_R3_T07" 4000 2009 566 1167 62 62
"E04_R3_T08" 8009 6882 5939 6325 1594 1594
"E04_R3_T09" 8189 5648 4481 4881 583 583
"E04_R3_T10" 6712 6252 4704 5258 2788 2788
"E04_R3_T11" 72686 70064 68933 69593 66121 66121
"E04_R3_T12" 59104 58405 57108 57969 47516 47516
"E04_R3_T13" 125949 117364 115523 116514 96254 96082
"E04_R3_T14" 104821 96573 94679 95997 74417 74211
"E04_R3_T15" 46144 37502 35410 36808 7162 7162
"E04_R3_T17" 137436 133355 131216 132488 116514 116514
"E04_R3_T18" 25981 15597 14667 14893 14137 14137
"E04_R3_T19" 15283 3012 1877 2108 213 213
"E05_R1_T01" 14727 12392 11018 11928 4065 4065
"E05_R1_T02" 58317 56349 53459 55030 44086 43047
"E05_R1_T03" 105037 101705 97010 100107 60945 60935
"E05_R1_T04" 39777 34832 32151 34192 21319 21319
"E05_R1_T05" 101523 99870 95435 98465 74375 74321
"E05_R1_T06" 62912 59517 57350 58806 48400 48058
"E05_R1_T07" 116568 114779 111860 113615 79637 79623
"E05_R1_T08" 123958 121630 118389 120231 96776 96710
"E05_R1_T09" 145198 141829 138173 140309 109686 109679
"E05_R1_T10" 173037 171723 169228 170877 121434 121434
"E05_R1_T11" 80457 79403 77612 78787 72263 72254
"E05_R1_T12" 54390 53538 51539 52860 46187 46187
"E05_R1_T13" 67286 63231 60904 62341 31467 30952
"E05_R1_T14" 101918 92749 92109 92321 86964 85973
"E05_R1_T15" 66064 56013 53650 55186 31472 31085
"E05_R1_T17" 95033 71895 69570 70986 62994 62994
"E05_R1_T18" 28235 12749 11246 11886 10427 10427
"E05_R1_T19" 5042 3622 2528 2691 586 586
"E05_R2_T01" 70780 67229 65931 66800 62211 62211
"E05_R2_T02" 60950 59316 56189 57868 47095 46140
"E05_R2_T03" 56399 52869 51171 52201 33107 33086
"E05_R2_T04" 49105 46948 43651 46163 33408 33404
"E05_R2_T05" 79883 77350 73839 76015 58782 58723
"E05_R2_T06" 49423 45994 44414 45375 39361 38925
"E05_R2_T07" 223549 218898 215990 217774 175383 175383
"E05_R2_T08" 231155 227019 223531 225627 185310 185238
"E05_R2_T09" 178014 173608 170229 172013 135776 135692
"E05_R2_T10" 171863 170508 168389 164744 118376 118357
"E05_R2_T11" 102345 101322 99279 100573 90832 90822
"E05_R2_T12" 59738 58934 57118 58235 52680 52657
"E05_R2_T13" 72997 65771 63351 64892 35080 34866
"E05_R2_T14" 127111 117800 115001 116686 103293 102634
"E05_R2_T15" 59792 53069 50131 52425 3092 3084
"E05_R2_T17" 142932 139188 137255 138354 119374 116363
"E05_R2_T18" 123214 121391 119671 120930 94427 91654
"E05_R2_T19" 97608 96196 93679 95027 81264 76697
"E05_R3_T01" 21477 20066 19430 19901 5742 5742
"E05_R3_T02" 66689 63726 61232 62477 52782 52046
"E05_R3_T03" 89421 85868 83722 85118 67146 67118
"E05_R3_T04" 44645 41719 40428 41429 30511 30498
"E05_R3_T05" 130847 129067 125749 127713 93611 93607
"E05_R3_T06" 33779 31778 29832 31003 25692 25463
"E05_R3_T07" 99907 98688 95583 97313 71011 71011
"E05_R3_T08" 186705 182878 179219 180922 148205 147856
"E05_R3_T09" 127342 123468 120068 122163 89686 89686
"E05_R3_T10" 142912 141681 139814 140667 101741 101741
"E05_R3_T11" 90933 90058 88279 89413 79839 79796
"E05_R3_T12" 65241 63516 61856 62814 56381 56237
"E05_R3_T13" 55435 48820 46374 48255 14746 14745
"E05_R3_T14" 838313 788831 784279 785727 752850 733549
"E05_R3_T15" 43412 32761 30835 32279 6650 6410
"E05_R3_T17" 158128 155285 152420 154234 135379 131197
"E05_R3_T18" 55740 53005 51366 52552 32675 32481
"E05_R3_T19" 133263 131907 129325 130769 115583 113171
"E06_R1_T01" 632723 617591 616200 617113 607984 606636
"E06_R1_T02" 63682 61109 58962 60174 52979 52555
"E06_R1_T03" 58337 52372 49487 51479 42264 42164
"E06_R1_T04" 235766 207615 202825 205248 54614 54445
"E06_R1_T05" 134703 132856 128192 130438 116193 116137
"E06_R1_T06" 49840 47549 45378 46735 40125 39843
"E06_R1_T07" 44035 38690 35422 37289 19447 19447
"E06_R1_T08" 155644 153701 149250 151341 119612 119544
"E06_R1_T09" 170613 165777 162204 164761 138380 138365
"E06_R1_T10" 141884 140892 138017 139510 108806 108613
"E06_R1_T11" 90708 90107 87597 89057 83109 82933
"E06_R1_T12" 70728 69427 67133 68565 63883 63883
"E06_R1_T13" 78320 74199 71085 73093 57802 57284
"E06_R1_T14" 718765 666194 662873 664391 644717 632115
"E06_R1_T15" 40691 30309 28270 29645 15727 15462
"E06_R1_T17" 142327 140638 137923 139624 113843 112220
"E06_R1_T18" 134611 132713 130819 132056 106241 102376
"E06_R1_T19" 124679 123348 120544 122219 104472 100321
"E06_R2_T01" 697462 683816 682219 683292 672977 671804
"E06_R2_T02" 74093 70826 69603 69801 65590 64805
"E06_R2_T03" 120350 115941 114031 114543 98247 97979
"E06_R2_T04" 20602 19124 16509 18504 8564 8539
"E06_R2_T05" 117096 114248 110130 111714 95652 95450
"E06_R2_T06" 45757 43727 41834 43190 37856 37431
"E06_R2_T07" 116828 96189 93373 94798 60639 60632
"E06_R2_T08" 131233 127844 123781 125957 101584 101539
"E06_R2_T09" 140192 136313 131699 134443 106523 105379
"E06_R2_T10" 13010 12739 9928 11808 0 0
"E06_R2_T11" 72527 71938 69594 70984 64076 64060
"E06_R2_T12" 48301 47906 45995 47194 42540 42540
"E06_R2_T13" 120922 115985 112770 114482 104664 103591
"E06_R2_T14" 99098 92484 88638 90665 75577 74648
"E06_R2_T15" 38272 33027 30472 32019 23136 23135
"E06_R2_T17" 111837 108984 105119 107366 93669 93112
"E06_R2_T18" 153954 146658 144883 146009 125925 123092
"E06_R2_T19" 133030 132033 128409 130699 117265 112758
"E06_R3_T01" 10413 10135 9123 9855 6444 6444
"E06_R3_T02" 45240 42361 40650 41810 36850 36506
"E06_R3_T03" 47606 46155 44136 45531 35116 35086
"E06_R3_T04" 10000 9265 6822 8566 1377 1377
"E06_R3_T05" 76970 75028 71216 73542 60354 60354
"E06_R3_T06" 43341 40531 38102 39554 33158 32925
"E06_R3_T07" 55926 51632 48617 49869 39545 39527
"E06_R3_T08" 190807 188372 184639 186837 151906 151851
"E06_R3_T09" 131374 128781 124544 127208 102730 102589
"E06_R3_T10" 114275 113259 110968 112655 82942 82626
"E06_R3_T11" 79207 78395 75991 77537 71468 71368
"E06_R3_T12" 57311 55980 53719 55289 50218 49749
"E06_R3_T13" 149317 145756 142210 144461 128869 127647
"E06_R3_T14" 68096 62266 59253 60776 47953 47563
"E06_R3_T15" 88723 79990 77807 79390 60445 60179
"E06_R3_T17" 137664 135715 132651 134414 119388 117716
"E06_R3_T18" 72662 68638 66816 67992 47893 47124
"E06_R3_T19" 157485 156244 152734 154718 136718 131669
"E07_R1_T01" 836019 817373 815769 816679 806019 797206
"E07_R1_T02" 46622 43791 41515 42999 35800 35351
"E07_R1_T03" 72200 70100 67227 68917 53943 53627
"E07_R1_T04" 18530 17416 14821 16528 2986 2961
"E07_R1_T05" 93073 89798 85267 87188 70163 70148
"E07_R1_T06" 63415 61281 58127 60095 49721 49127
"E07_R1_T07" 268645 255443 253198 254986 217269 217265
"E07_R1_T08" 229044 226450 221836 223809 168122 168072
"E07_R1_T09" 68456 66319 62902 65333 50464 50440
"E07_R1_T10" 161766 160232 156755 158603 105773 104205
"E07_R1_T11" 95517 94643 92684 93744 90086 87875
"E07_R1_T12" 54476 52901 50685 52122 47759 47759
"E07_R1_T13" 87159 85759 82521 84378 72193 71604
"E07_R1_T14" 42845 39526 37099 38383 33071 32731
"E07_R1_T15" 88231 81868 78953 80892 66052 65909
"E07_R1_T17" 126903 125475 121530 123901 111293 110487
"E07_R1_T18" 141994 136767 134352 135952 115401 113569
"E07_R1_T19" 136966 135789 133033 134807 122038 119358
"E07_R2_T01" 114025 105926 103244 104798 46988 46756
"E07_R2_T02" 54134 52267 49922 51443 43485 42867
"E07_R2_T03" 72075 67432 63791 66360 43774 43500
"E07_R2_T04" 14958 14073 11780 13409 1335 1335
"E07_R2_T05" 137696 135887 132148 133624 111460 111427
"E07_R2_T06" 57592 54986 52685 54138 46585 46283
"E07_R2_T07" 234441 227745 224802 226626 184571 184498
"E07_R2_T08" 162242 159100 152716 156390 114809 114622
"E07_R2_T09" 188997 184978 179276 182907 142629 142605
"E07_R2_T10" 157348 156094 153110 153353 112021 109707
"E07_R2_T11" 79806 79195 76454 78130 72352 69912
"E07_R2_T12" 61358 60083 57652 59352 53728 53721
"E07_R2_T13" 129143 125594 122115 124134 111376 110999
"E07_R2_T14" 65699 62828 59471 61994 46862 46284
"E07_R2_T15" 45424 33955 31373 33133 20005 19819
"E07_R2_T17" 117295 115583 112271 114207 102227 101127
"E07_R2_T18" 109725 108074 106049 107117 95884 94910
"E07_R2_T19" 118438 117604 114740 116712 108137 107666
"E07_R3_T01" 62094 59953 58318 59246 47864 47763
"E07_R3_T02" 63536 61067 59934 60467 55489 54996
"E07_R3_T03" 95027 90020 86298 88651 66373 65669
"E07_R3_T04" 10103 9476 6996 8744 735 719
"E07_R3_T05" 105927 104928 101678 103647 86945 86914
"E07_R3_T06" 45231 42592 40481 41881 34041 33663
"E07_R3_T07" 208292 202795 199283 201176 165092 165060
"E07_R3_T08" 193294 190597 185232 188859 153699 153667
"E07_R3_T09" 205590 201987 197362 199276 163068 163054
"E07_R3_T10" 27696 26909 23459 25891 9 9
"E07_R3_T11" 79643 79094 77185 78378 72698 69767
"E07_R3_T12" 37336 36885 34587 36268 33135 33135
"E07_R3_T13" 118857 116610 113476 115201 101845 101726
"E07_R3_T14" 63981 61260 60318 60773 55681 54818
"E07_R3_T15" 51087 43694 41901 43018 37730 37549
"E07_R3_T17" 130521 128110 124000 126312 111795 110489
"E07_R3_T18" 219244 212180 209611 211052 199250 194475
"E07_R3_T19" 121456 119969 117343 118940 109906 106859
"E08_R1_T01" 35490 34649 33075 33579 25246 25163
"E08_R1_T02" 55065 53250 50428 52354 45540 44835
"E08_R1_T03" 57398 54139 51577 53054 41903 41721
"E08_R1_T04" 575 562 207 448 105 105
"E08_R1_T05" 136294 134514 130808 133102 107700 107527
"E08_R1_T06" 54498 51902 49251 51000 42612 42276
"E08_R1_T07" 141557 139493 136333 136697 101200 101200
"E08_R1_T08" 172109 168928 164346 167276 131422 131001
"E08_R1_T09" 149189 146287 141275 144237 115057 114174
"E08_R1_T10" 204160 202210 198227 197439 142862 137616
"E08_R1_T11" 77800 77392 75405 76654 71746 68494
"E08_R1_T12" 64004 62858 60760 62098 57887 57790
"E08_R1_T13" 130331 128489 124797 127004 112267 112189
"E08_R1_T14" 110458 106808 102666 105004 87702 86055
"E08_R1_T15" 24119 20644 18187 19828 13973 13970
"E08_R1_T17" 143478 140999 136539 139496 125241 123362
"E08_R1_T18" 72976 69176 67418 68414 59284 58923
"E08_R1_T19" 136353 135308 132195 133996 123714 123117
"E08_R2_T01" 94725 92301 89563 90789 73682 73410
"E08_R2_T02" 58496 56453 53670 55426 48061 47363
"E08_R2_T03" 59429 50010 46808 48914 32719 32649
"E08_R2_T04" 163880 161958 156449 159859 123753 123229
"E08_R2_T05" 133096 131123 127017 129420 105787 105734
"E08_R2_T06" 55930 54282 51546 53317 44170 43884
"E08_R2_T07" 173762 172184 167556 170080 132919 132653
"E08_R2_T08" 179184 175481 169551 172702 131887 131474
"E08_R2_T09" 239260 234909 226972 232791 153104 151584
"E08_R2_T10" 23794 23228 20814 22771 7 7
"E08_R2_T11" 102490 102000 99656 101173 96455 92506
"E08_R2_T12" 57400 56591 53607 55451 50192 50192
"E08_R2_T13" 54304 53603 49921 52060 40370 40232
"E08_R2_T14" 101913 98514 93410 96375 74751 72978
"E08_R2_T15" 84188 78846 75636 77777 65360 65250
"E08_R2_T17" 159590 157293 153435 155813 134613 134285
"E08_R2_T18" 76311 74839 72625 73939 60504 60264
"E08_R2_T19" 123076 122252 119407 121083 113201 113007
"E08_R3_T01" 84546 82402 80641 81456 67380 66970
"E08_R3_T02" 85917 83282 81319 82125 69471 68417
"E08_R3_T03" 80723 77115 73566 76048 62210 61729
"E08_R3_T04" 133053 131012 126951 129457 103030 103012
"E08_R3_T05" 126254 124118 119981 122433 98693 98642
"E08_R3_T06" 55649 54167 51165 53182 44370 43764
"E08_R3_T07" 116523 113190 109674 111302 86419 86130
"E08_R3_T08" 234620 230662 225751 228618 182939 182330
"E08_R3_T09" 196284 192141 185196 189020 133782 132252
"E08_R3_T10" 224016 221502 216837 221006 138214 135230
"E08_R3_T11" 87135 86606 84192 85601 81058 77312
"E08_R3_T12" 64132 63650 59913 62276 57147 57147
"E08_R3_T13" 141195 138731 134564 137163 122049 121646
"E08_R3_T14" 85072 81400 78280 80618 65172 64407
"E08_R3_T15" 24156 19838 17032 18804 9058 9058
"E08_R3_T17" 139322 137105 130445 135385 118880 117975
"E08_R3_T18" 126291 124305 121896 123269 110451 109666
"E08_R3_T19" 125610 124735 121738 123353 113676 113175
"E09_R1_T01" 10153 9188 6823 8171 460 460
"E09_R1_T02" 59180 57738 55285 56784 49947 48998
"E09_R1_T03" 42693 40845 37391 39537 30948 30915
"E09_R1_T04" 150521 149067 144738 146755 119744 119542
"E09_R1_T05" 112236 110521 106399 109221 89169 89093
"E09_R1_T06" 73267 71341 68294 70128 60709 59830
"E09_R1_T07" 130943 126181 122811 124788 99679 99506
"E09_R1_T08" 198801 195076 189903 193114 147790 147313
"E09_R1_T09" 179959 176934 171564 175130 132853 132015
"E09_R1_T10" 159375 157917 154512 157147 109288 106059
"E09_R1_T11" 75824 75109 72570 74121 69922 68761
"E09_R1_T12" 39666 39240 37020 38408 34313 34313
"E09_R1_T13" 124954 122028 118139 120433 103948 102995
"E09_R1_T14" 78316 74651 70850 73411 52686 51473
"E09_R1_T15" 69870 64247 61933 63475 53155 52757
"E09_R1_T17" 138641 137007 132837 135388 118432 117729
"E09_R1_T18" 126632 121222 119096 120189 105208 104453
"E09_R1_T19" 132922 132109 129215 130823 122324 121704
"E09_R2_T01" 49891 48767 47239 48017 37516 37204
"E09_R2_T02" 52844 51498 49589 50603 45693 44954
"E09_R2_T03" 71132 66859 64341 66000 50652 50439
"E09_R2_T04" 109857 108582 101983 106105 59475 59435
"E09_R2_T05" 80539 78006 74296 76340 62571 62534
"E09_R2_T06" 59466 57937 55172 56847 48876 48178
"E09_R2_T07" 191806 187790 182634 185849 140526 139016
"E09_R2_T08" 189420 186141 181774 184359 139181 138713
"E09_R2_T09" 223000 219167 215298 218390 182178 180249
"E09_R2_T10" 205628 203887 201048 203056 150766 145375
"E09_R2_T11" 76878 76132 73436 75112 70376 68718
"E09_R2_T12" 70364 69191 66151 68196 62799 62462
"E09_R2_T13" 114669 111767 107190 109582 93985 93832
"E09_R2_T14" 111353 107733 102691 105435 85716 83994
"E09_R2_T15" 16855 14719 12911 14203 5407 5407
"E09_R2_T17" 147427 145604 141815 144193 131012 130200
"E09_R2_T18" 78883 76702 75050 75973 66611 66025
"E09_R2_T19" 136833 136137 133241 134816 126745 125984
"E09_R3_T01" 93545 90877 89265 90092 76862 76606
"E09_R3_T02" 71616 70004 66387 68563 56993 55460
"E09_R3_T03" 55589 53485 50387 52319 38577 38294
"E09_R3_T04" 178421 176728 172491 175137 139550 139304
"E09_R3_T05" 120429 118703 114176 116896 92846 92166
"E09_R3_T06" 78225 75358 72778 74546 66942 66454
"E09_R3_T07" 182620 179603 175034 177691 140225 138563
"E09_R3_T08" 248116 245299 240045 243404 192525 191044
"E09_R3_T09" 72059 70640 65216 67989 48139 47981
"E09_R3_T10" 167540 166356 163875 165830 126380 121599
"E09_R3_T11" 72769 72154 70041 71217 66989 65335
"E09_R3_T12" 78204 77242 73976 76176 71002 70870
"E09_R3_T13" 151017 149054 145223 147612 131561 130448
"E09_R3_T14" 50766 45561 42107 44208 32773 31986
"E09_R3_T15" 90744 85278 82592 84615 70119 69847
"E09_R3_T17" 136277 134531 132173 133715 125323 124903
"E09_R3_T18" 58948 55472 53555 54756 44955 44938
"E09_R3_T19" 116262 115551 112697 114476 107206 107011
"E10_R1_T01" 74850 62360 60329 61447 43324 42935
"E10_R1_T02" 59840 58453 55403 57240 47536 46565
"E10_R1_T03" 80798 77926 75888 77212 65971 65460
"E10_R1_T04" 144145 142736 136868 140804 111833 110834
"E10_R1_T05" 127430 125925 123475 125329 104760 104698
"E10_R1_T06" 53285 51195 49150 50704 44111 43994
"E10_R1_T07" 273298 268050 263028 266562 215182 212380
"E10_R1_T08" 207712 205328 199362 203375 162331 161313
"E10_R1_T09" 104066 102056 95527 99222 74620 73882
"E10_R1_T10" 150450 149001 145292 147322 106746 102014
"E10_R1_T11" 71063 70662 68722 70030 65895 63834
"E10_R1_T12" 5014 4943 2398 4034 611 611
"E10_R1_T13" 109489 106124 102380 104418 92788 92456
"E10_R1_T14" 128191 123899 122173 123090 111098 108498
"E10_R1_T15" 23970 17383 14783 16860 2331 2320
"E10_R1_T17" 122190 119061 115310 117842 108041 107627
"E10_R1_T18" 100037 99326 97554 98661 87701 87512
"E10_R1_T19" 114202 113553 111398 112721 105078 104916
"E10_R2_T01" 85604 82793 81159 82020 67834 67568
"E10_R2_T02" 66678 65238 62669 64149 52702 51237
"E10_R2_T03" 53038 50908 47650 49556 39067 38825
"E10_R2_T04" 178517 176605 172674 174404 142558 142384
"E10_R2_T05" 117091 115153 110309 113754 90419 90274
"E10_R2_T06" 58630 56472 54559 55938 48860 48800
"E10_R2_T07" 171942 169171 164845 167477 133928 129864
"E10_R2_T08" 182689 180057 174764 178370 139768 137789
"E10_R2_T09" 21807 21364 15800 18650 15 15
"E10_R2_T10" 165365 163996 160993 162736 120313 115438
"E10_R2_T11" 93818 93193 91523 92717 88498 86254
"E10_R2_T12" 28252 28071 25775 27266 23545 23545
"E10_R2_T13" 121547 119239 115547 117756 105337 105051
"E10_R2_T14" 103964 99511 97072 98521 80564 78478
"E10_R2_T15" 22596 15940 14503 15435 11483 11469
"E10_R2_T17" 143512 141724 138002 140211 128736 127991
"E10_R2_T18" 57892 55994 54361 55141 47787 47736
"E10_R2_T19" 117770 117094 114926 116267 108635 108441
"E10_R3_T01" 65776 63904 63138 63337 54825 54727
"E10_R3_T02" 69027 67420 63603 66010 54955 53684
"E10_R3_T03" 154473 145786 142455 144632 124305 123049
"E10_R3_T04" 13445 13074 8235 11245 0 0
"E10_R3_T05" 9076 32 16 1 0 0
"E10_R3_T06" 71622 69815 67145 68845 60033 58882
"E10_R3_T07" 12813 12068 8339 10661 0 0
"E10_R3_T08" 171685 168686 164484 167079 131798 130192
"E10_R3_T09" 181069 179835 173630 177423 137928 131757
"E10_R3_T10" 135199 134095 131787 133380 124138 120638
"E10_R3_T11" 91877 91297 89083 90439 85580 84661
"E10_R3_T12" 32171 31964 29053 30966 25338 25338
"E10_R3_T13" 125475 122183 118458 120629 108361 108132
"E10_R3_T14" 96873 91467 87016 89713 71228 69841
"E10_R3_T15" 6119 5842 4368 5389 322 322
"E10_R3_T17" 168994 166359 162193 164949 150830 150186
"E10_R3_T18" 49373 46004 44052 45203 36052 36041
"E10_R3_T19" 113612 112873 110307 112014 103927 103779
"E11_R1_T01" 144519 139253 136086 136922 82284 81820
"E11_R1_T02" 57334 55319 51622 54129 44566 43892
"E11_R1_T03" 56608 51641 47892 50265 32061 31954
"E11_R1_T04" 141647 139905 135792 138087 114416 114231
"E11_R1_T05" 147474 145604 140787 143590 117697 117096
"E11_R1_T06" 45911 44412 42117 43722 37477 37258
"E11_R1_T07" 168835 164841 160177 162809 131953 131160
"E11_R1_T08" 192792 187621 183002 185778 151852 150522
"E11_R1_T09" 157177 155672 150602 153822 120137 117393
"E11_R1_T10" 109683 108836 106237 107919 99216 95503
"E11_R1_T11" 103601 102922 100837 102022 97074 92937
"E11_R1_T12" 47402 46973 44083 45864 41011 41011
"E11_R1_T13" 135127 131379 127465 129757 117739 116702
"E11_R1_T14" 102554 98050 92608 95763 74712 72574
"E11_R1_T15" 9471 9349 6946 8516 25 25
"E11_R1_T17" 167330 165228 161313 163325 151220 150546
"E11_R1_T18" 99425 96760 94834 96025 85110 84936
"E11_R1_T19" 139201 138348 135614 137047 127424 126104
"E11_R2_T01" 81097 78166 76364 77159 63992 63758
"E11_R2_T02" 73284 71526 69272 70300 62441 61185
"E11_R2_T03" 92566 88454 84679 87211 72313 71614
"E11_R2_T04" 11610 11290 7236 9923 12 12
"E11_R2_T05" 118759 116605 111546 114684 92762 92379
"E11_R2_T06" 41485 38943 36679 38167 32184 32029
"E11_R2_T07" 278408 241890 235518 239083 112599 111060
"E11_R2_T08" 202700 199053 193973 196241 154974 153294
"E11_R2_T09" 36236 35691 29781 33111 12957 12957
"E11_R2_T10" 90190 89200 86930 88342 81268 79145
"E11_R2_T11" 96106 95558 93614 94894 91072 86379
"E11_R2_T12" 6875 6836 6386 6756 6382 6382
"E11_R2_T13" 77283 72060 67944 70601 57308 57281
"E11_R2_T14" 111506 107027 103558 105947 91668 89962
"E11_R2_T15" 6473 6116 4514 5862 1232 1232
"E11_R2_T17" 159022 157073 153281 155319 144292 142992
"E11_R2_T18" 138371 135806 133624 134883 121762 121104
"E11_R2_T19" 114223 113395 110232 112207 104761 104597
"E11_R3_T01" 78305 66682 65124 65830 57605 57153
"E11_R3_T02" 77699 76017 72735 74737 64894 63930
"E11_R3_T03" 47791 45034 41792 44094 33256 33246
"E11_R3_T04" 152776 151281 147411 149906 120364 119677
"E11_R3_T05" 125427 123003 117846 120541 98028 97442
"E11_R3_T06" 56794 55520 52394 54447 46792 46245
"E11_R3_T07" 111038 106518 101802 104648 80271 80112
"E11_R3_T08" 174695 170715 165742 168694 135752 135645
"E11_R3_T09" 179083 176674 170974 174444 139558 134358
"E11_R3_T10" 115235 114386 112134 113566 103315 98117
"E11_R3_T11" 106369 105584 103248 104884 99070 94319
"E11_R3_T12" 123559 119692 115001 117720 106186 105060
"E11_R3_T13" 102583 92918 89437 91451 81383 80959
"E11_R3_T14" 99910 96504 92193 94629 76884 74662
"E11_R3_T15" 47726 43462 41750 42963 37632 37300
"E11_R3_T17" 134706 131238 127353 129911 117787 117774
"E11_R3_T18" 51247 49077 46508 48120 30996 30815
"E11_R3_T19" 150942 150011 146039 148352 139457 139085
"E12_R1_T01" 102113 99138 97315 98398 86655 86627
"E12_R1_T02" 75649 73986 69607 72316 59323 57906
"E12_R1_T03" 65134 61857 58752 60907 46425 46297
"E12_R1_T04" 64477 63765 59726 62376 49108 49004
"E12_R1_T05" 91483 88723 85408 87072 74271 74271
"E12_R1_T06" 51554 49808 47435 49132 44394 44283
"E12_R1_T07" 168806 166188 162016 164422 137734 136646
"E12_R1_T08" 205573 203040 198784 200394 169610 167903
"E12_R1_T09" 212213 208904 202780 206639 170309 164479
"E12_R1_T10" 70699 70085 67788 69219 61362 59594
"E12_R1_T11" 89039 88413 86056 87761 83392 79119
"E12_R1_T12" 91385 88267 83890 86741 77591 75703
"E12_R1_T13" 60486 59882 55766 58249 49151 48515
"E12_R1_T14" 106278 102861 97829 100914 78412 76430
"E12_R1_T15" 14577 14052 11616 13029 7397 7397
"E12_R1_T17" 163835 161899 157868 160116 144206 143576
"E12_R1_T18" 92451 88573 86981 87762 81799 80869
"E12_R1_T19" 154440 153595 150265 152315 143582 142319
"E12_R2_T01" 61592 50721 49141 49734 45204 45196
"E12_R2_T02" 84672 82733 78511 80942 67653 66064
"E12_R2_T03" 72865 70221 67458 69228 56583 56412
"E12_R2_T04" 10029 9772 6342 8479 10 10
"E12_R2_T05" 120387 118919 115595 117416 99177 99145
"E12_R2_T06" 84041 80965 78381 80242 73796 73597
"E12_R2_T07" 159017 156832 152779 155167 133555 131428
"E12_R2_T08" 231779 229521 225193 228014 192490 191537
"E12_R2_T09" 25687 25183 19359 22807 0 0
"E12_R2_T10" 65119 64232 62294 63510 56494 56141
"E12_R2_T11" 86144 85589 83230 84627 80355 76088
"E12_R2_T12" 131614 129719 124751 127785 116400 111774
"E12_R2_T13" 135771 134346 130898 133196 124782 121683
"E12_R2_T14" 104138 100233 95399 98130 79615 77556
"E12_R2_T15" 23187 21430 18848 20713 11154 11133
"E12_R2_T17" 150017 148761 144832 147142 135739 134846
"E12_R2_T18" 205842 203035 201211 202064 195925 194334
"E12_R2_T19" 134083 133371 130221 131958 123833 123607
"E12_R3_T01" 38647 27457 26125 26890 9522 9490
"E12_R3_T02" 71889 70555 66074 68883 55712 54460
"E12_R3_T03" 49476 47364 44230 46552 33203 33101
"E12_R3_T04" 110065 109038 105165 107722 89674 89321
"E12_R3_T05" 123612 122450 117972 121273 104196 104181
"E12_R3_T06" 88309 85219 82955 84571 78429 78255
"E12_R3_T07" 209157 206650 201987 205009 169374 167345
"E12_R3_T08" 204064 201664 197237 199933 170116 168665
"E12_R3_T09" 25553 25064 18447 22373 0 0
"E12_R3_T10" 101342 100720 98928 100007 91286 87558
"E12_R3_T11" 87027 86458 83381 85473 80266 76281
"E12_R3_T12" 151017 145696 140798 143401 130633 128824
"E12_R3_T13" 126222 124047 119986 122512 113846 112874
"E12_R3_T14" 129621 125125 119053 122679 100645 98453
"E12_R3_T15" 149790 146715 141696 144790 125022 124253
"E12_R3_T17" 144521 143033 138076 141184 129779 129273
"E12_R3_T18" 142676 141654 139383 140812 132279 131722
"E12_R3_T19" 158609 157779 154940 156752 148498 147315
"E13_R1_T01" 87896 71996 70168 71492 57399 57328
"E13_R1_T02" 63779 62227 58417 60523 50209 49232
"E13_R1_T03" 92179 89737 86215 88610 74519 74033
"E13_R1_T04" 74054 73396 71761 73152 64015 63808
"E13_R1_T05" 113281 112132 108263 110546 96481 96156
"E13_R1_T06" 82537 80212 77530 79510 71259 70963
"E13_R1_T07" 167222 164519 161218 162409 136184 134855
"E13_R1_T08" 193383 190059 186164 188711 155739 154081
"E13_R1_T09" 143366 142273 137255 140514 114032 111596
"E13_R1_T10" 105803 105103 102486 104247 93887 90316
"E13_R1_T11" 110871 110142 107584 108933 102747 98116
"E13_R1_T12" 129148 124984 120206 123050 112283 110176
"E13_R1_T13" 130064 127417 117428 125917 110450 108613
"E13_R1_T14" 17061 15446 10689 13436 2 2
"E13_R1_T15" 150261 147542 143199 146020 132512 132310
"E13_R1_T17" 178682 177060 173249 175572 165165 164291
"E13_R1_T18" 158391 157159 156143 156560 155262 154781
"E13_R1_T19" 152469 151583 148575 150747 141003 140103
"E13_R2_T01" 93492 89917 88922 89500 78435 78397
"E13_R2_T02" 78553 77092 72742 75386 60899 59633
"E13_R2_T03" 86821 84268 80911 83308 70207 69868
"E13_R2_T04" 145368 143968 140649 142711 121609 120616
"E13_R2_T05" 123246 122143 118216 120189 99646 98837
"E13_R2_T06" 65036 63426 61218 62696 57003 56509
"E13_R2_T07" 203760 201058 197511 199387 167823 165574
"E13_R2_T08" 193391 191043 187035 189607 160974 159362
"E13_R2_T09" 20089 19717 13654 17186 11 11
"E13_R2_T10" 87307 86542 84358 85852 76575 74234
"E13_R2_T11" 101832 101318 98614 100529 95056 91825
"E13_R2_T12" 147598 143235 138623 141403 130170 128219
"E13_R2_T13" 83183 81423 77828 79740 71571 70696
"E13_R2_T14" 97667 90569 86184 88648 77678 76601
"E13_R2_T15" 150145 146240 141615 144654 132236 130169
"E13_R2_T17" 122317 118382 114239 116866 106400 105739
"E13_R2_T18" 167583 166351 163845 165532 155736 155123
"E13_R2_T19" 187446 186392 184014 185593 178493 177912
"E13_R3_T01" 53311 49270 48480 48597 44407 44208
"E13_R3_T02" 63943 62385 58450 60889 49977 49128
"E13_R3_T03" 63315 61676 58526 60676 49768 49428
"E13_R3_T04" 129856 128516 124590 126708 106924 106397
"E13_R3_T05" 162931 161309 157001 159423 140835 140220
"E13_R3_T06" 68294 66572 63914 65641 56626 56094
"E13_R3_T07" 156989 154655 151027 152803 128800 127130
"E13_R3_T08" 167105 163882 159110 162145 130173 128882
"E13_R3_T09" 193751 192385 187105 190516 157512 154700
"E13_R3_T10" 87662 87053 84685 86318 76617 73228
"E13_R3_T11" 64306 63867 61312 63013 58235 56128
"E13_R3_T12" 164690 162262 158107 160368 144058 141160
"E13_R3_T13" 107026 105221 97024 103803 90905 89928
"E13_R3_T14" 105088 102126 96362 99555 81214 79121
"E13_R3_T15" 151042 149083 144660 147421 131257 130799
"E13_R3_T17" 105839 103631 99734 102118 89358 88469
"E13_R3_T18" 128261 125976 122865 124619 113892 113575
"E13_R3_T19" 163135 162166 159638 161074 152240 151977
"E14_R1_T01" 60331 56707 56299 56379 50729 50633
"E14_R1_T02" 78348 76799 74933 75807 70046 68987
"E14_R1_T03" 78465 73852 71215 72823 62373 62327
"E14_R1_T04" 125387 123807 120832 122000 99711 99671
"E14_R1_T05" 126477 125127 119736 123177 103625 103563
"E14_R1_T06" 77210 74760 72271 73728 65777 65612
"E14_R1_T07" 189604 186731 183382 185257 151776 151295
"E14_R1_T08" 182309 178780 173017 176868 148182 147395
"E14_R1_T09" 14941 14712 10110 12911 16 16
"E14_R1_T10" 76589 76085 74132 75284 69890 68031
"E14_R1_T11" 92747 91724 89295 90681 86121 84641
"E14_R1_T12" 93435 88184 83200 86408 75298 75020
"E14_R1_T13" 108287 103498 99012 102028 91723 90341
"E14_R1_T14" 117410 112802 107451 110324 88377 86059
"E14_R1_T15" 154867 151909 146278 149688 134577 133845
"E14_R1_T17" 137204 135275 131100 133648 122616 121963
"E14_R1_T18" 208688 207385 204586 206349 196954 195448
"E14_R1_T19" 170901 170018 166979 168909 160658 159892
"E14_R2_T01" 51861 50128 49532 49945 45863 45744
"E14_R2_T02" 65410 64054 61821 63225 57169 56722
"E14_R2_T03" 196357 187435 182882 185844 61528 61358
"E14_R2_T04" 169065 167320 163886 166073 131321 131299
"E14_R2_T05" 158630 157353 153028 155248 130344 129683
"E14_R2_T06" 77825 76156 73627 75423 67952 67217
"E14_R2_T07" 236870 233436 229647 231559 187301 184779
"E14_R2_T08" 175284 172733 168411 171152 137195 136370
"E14_R2_T09" 143282 142287 136960 140263 114110 110150
"E14_R2_T10" 93136 92669 90584 91852 86480 83053
"E14_R2_T11" 75687 75221 72674 74272 69273 69273
"E14_R2_T12" 90439 84454 80089 82775 71244 69116
"E14_R2_T13" 120587 116941 112824 115464 104866 102373
"E14_R2_T14" 127552 123324 118431 121515 100466 97701
"E14_R2_T15" 198440 195002 190040 193249 177795 176434
"E14_R2_T17" 167901 164663 161468 163466 145834 145165
"E14_R2_T18" 173801 172458 170571 171405 165502 165502
"E14_R2_T19" 148924 148000 143905 146342 135090 134459
"E14_R3_T01" 70655 293 68 39 0 0
"E14_R3_T02" 73097 71495 69529 70457 64877 64093
"E14_R3_T03" 68995 66971 64566 66158 56373 56146
"E14_R3_T04" 112822 111432 108648 110060 93058 93058
"E14_R3_T05" 141262 140060 135970 138306 117549 117535
"E14_R3_T06" 68422 66748 64147 65729 59823 59299
"E14_R3_T07" 184398 180673 176251 178552 144835 144199
"E14_R3_T08" 205343 202635 198763 201031 164621 164061
"E14_R3_T09" 14930 14663 9493 12724 0 0
"E14_R3_T10" 84139 83650 81311 82879 75993 73163
"E14_R3_T11" 85709 84984 82053 83888 78623 76406
"E14_R3_T12" 131797 129281 125072 127752 118475 115225
"E14_R3_T13" 142979 141359 137543 139927 132365 131232
"E14_R3_T14" 133892 130718 123874 127712 100657 97006
"E14_R3_T15" 170626 167085 162353 165293 149233 147076
"E14_R3_T17" 159064 157457 153992 155893 146733 145830
"E14_R3_T18" 137109 136326 134023 135475 124561 124022
"E14_R3_T19" 544157 541144 533004 537481 497956 491620
"EBlank_R1_T02" 23733 17918 17477 17625 13294 13294
"EBlank_R1_T06" 284 11 2 2 2 2
"EBlank_R1_T14" 8173 1022 866 881 471 471
"EBlank_R2_T02" 6124 2346 2167 2271 393 393
"EBlank_R2_T06" 4373 75 54 6 0 0
"EBlank_R2_T14" 21664 15324 14954 15162 46 46
"EBlank_R3_T02" 77897 76037 75728 75915 73465 73048
"EBlank_R3_T06" 20 1 1 1 1 1
"EBlank_R3_T14" 15509 2544 2269 2354 0 0
"ENC_R1_T01" 49753 271 100 1 0 0
"ENC_R1_T03" 35560 10294 10116 10112 6014 6014
"ENC_R1_T04" 6678 3183 2937 3063 11 11
"ENC_R1_T05" 33882 13145 12278 12559 90 90
"ENC_R1_T07" 15916 6218 5924 5956 20 20
"ENC_R1_T08" 20229 7507 7299 7282 2 2
"ENC_R1_T09" 2516 19 2 1 0 0
"ENC_R1_T10" 29667 5201 4597 4881 0 0
"ENC_R1_T11" 13701 2332 2126 2185 0 0
"ENC_R1_T12" 25898 7072 6852 6940 0 0
"ENC_R1_T13" 27906 13415 12946 13152 5 5
"ENC_R1_T15" 13332 123 20 19 0 0
"ENC_R1_T17" 146391 144359 140136 142856 131296 130815
"ENC_R1_T18" 141882 141123 137626 140164 125319 124624
"ENC_R1_T19" 842540 834783 829395 819696 779934 766869
"ENC_R2_T01" 37042 119 74 1 0 0
"ENC_R2_T03" 33653 1056 883 910 4 4
"ENC_R2_T04" 13725 7976 7534 7700 20 20
"ENC_R2_T05" 24198 5860 4962 5308 39 39
"ENC_R2_T07" 14195 5480 4917 5157 58 58
"ENC_R2_T08" 12779 6937 6634 6796 54 54
"ENC_R2_T09" 7919 5668 5478 5516 0 0
"ENC_R2_T10" 35202 4076 3671 3769 1790 1790
"ENC_R2_T11" 16208 3269 3062 3120 0 0
"ENC_R2_T12" 15752 3390 3310 3192 0 0
"ENC_R2_T13" 18602 4854 4630 4721 0 0
"ENC_R2_T15" 15143 89 8 1 0 0
"ENC_R2_T17" 14567 725 592 635 0 0
"ENC_R2_T18" 27729 20062 19568 19934 0 0
"ENC_R2_T19" 183236 1089 180 744 0 0
"ENC_R3_T01" 38165 163 91 3 0 0
"ENC_R3_T03" 57478 18171 17648 17769 242 242
"ENC_R3_T04" 11945 3479 3119 3331 35 35
"ENC_R3_T05" 8205 2805 2217 2344 1170 1170
"ENC_R3_T07" 18928 11065 10451 10515 4889 4862
"ENC_R3_T08" 11110 4755 4361 4538 263 263
"ENC_R3_T09" 177718 175590 175332 175474 123740 123739
"ENC_R3_T10" 51603 42860 42512 42687 35493 35493
"ENC_R3_T11" 18196 1837 1614 1762 0 0
"ENC_R3_T12" 39398 28058 27345 27844 6253 6253
"ENC_R3_T13" 45884 32964 32079 32771 108 108
"ENC_R3_T15" 13996 153 31 33 0 0
"ENC_R3_T17" 42479 27375 26368 27287 12 12
"ENC_R3_T18" 12706 5227 5071 5148 0 0
"ENC_R3_T19" 248912 1656 766 700 471 471
"GL!3_R3" 5737 5575 4659 5271 72 72
"GL01_R1" 60310 58459 57647 58264 54205 51692
"GL01_R2" 66241 64574 63626 64242 60293 57807
"GL01_R3" 54358 52651 51731 52397 48600 47469
"GL02_R1" 59115 57826 56664 57440 53583 51594
"GL02_R2" 58395 56709 55363 56282 51189 49106
"GL02_R3" 68321 65100 63699 64607 58933 56532
"GL03_R1" 41869 40315 39309 40055 36786 36194
"GL03_R2" 49443 48016 46703 47682 44164 43090
"GL03_R3" 54054 51924 50859 51580 47502 46495
"GL04_R1" 67232 65685 64065 65243 60872 58708
"GL04_R2" 61878 60269 58396 59868 55644 54113
"GL04_R3" 60923 59776 58217 59279 52659 50737
"GL05_R1" 53054 52130 50653 51680 47455 45737
"GL05_R2" 73093 71272 70010 70919 66763 64935
"GL05_R3" 60297 58737 57546 58310 54926 53147
"GL06_R1" 70792 69039 67614 68471 64937 63615
"GL06_R2" 57786 55385 54198 55030 51218 50141
"GL06_R3" 50793 49205 47702 48674 45315 44394
"GL07_R1" 50133 47783 46431 47284 43824 43492
"GL07_R2" 51439 50431 48832 49886 46346 45097
"GL07_R3" 52874 51626 50051 50931 46524 45302
"GL08_R1" 66894 65143 63034 64396 60104 58298
"GL08_R2" 67733 65824 64491 65252 61258 59298
"GL08_R3" 62504 60828 59314 60232 55471 53515
"GL09_R1" 42920 41075 39590 40528 36299 35376
"GL09_R2" 32973 31431 30280 30972 28860 28405
"GL09_R3" 59088 56948 55543 56309 52225 51073
"GL10_R1" 49955 48987 47745 48482 44316 43021
"GL10_R2" 621 604 83 224 0 0
"GL10_R3" 73448 71458 69902 70845 63511 60823
"GL11_R1" 54167 52529 51226 52013 48522 47492
"GL11_R2" 71989 70048 68692 69571 65319 63869
"GL11_R3" 57899 55686 54662 55274 52012 51358
"GL12_R1" 37568 36012 34977 35517 31877 31416
"GL12_R2" 45134 43306 42214 42828 39456 38885
"GL12_R3" 52708 51064 50138 50654 47663 46868
"GL13_R1" 967066 940100 937811 938780 913001 864715
"GL13_R2" 797932 779036 776554 778192 752717 730642
"GLNC_R1" 1696 14 11 1 0 0
"GLNC_R2" 9743 68 5 1 0 0
"GLNC_R3" 9839 90 34 1 0 0
"GW01_R1" 98972 97339 95949 96915 83947 82325
"GW01_R2" 953905 935320 933944 934480 919700 912127
"GW01_R3" 796732 775061 773500 774505 761433 760844
"GW02_R1" 80337 77263 74514 76220 61952 59694
"GW02_R2" 996536 969701 965824 968177 954417 900349
"GW02_R3" 944573 927663 925439 926829 914814 869171
"GW03_R1" 1084278 1056785 972733 1055360 961178 924392
"GW03_R2" 866586 839579 766667 838303 757424 733704
"GW03_R3" 866966 848512 779313 847556 769695 745549
"GW04_R1" 52576 50522 48004 49984 45427 45309
"GW04_R2" 93738 89826 86252 88959 78214 77659
"GW04_R3" 78126 75129 72541 74289 66238 65803
"GW05_R1" 87315 84065 80038 83195 73753 73166
"GW05_R2" 84494 81876 78428 81319 71058 70512
"GW05_R3" 87519 84524 80463 83586 74202 73323
"GW06_R1" 887849 857310 854666 856052 846148 811292
"GW06_R2" 94545 92525 90020 91642 83024 80358
"GW06_R3" 62128 59722 57813 58912 54143 52801
"GW07_R1" 112590 109606 108605 108929 105641 103955
"GW07_R2" 77363 75235 74347 74761 72159 70898
"GW07_R3" 78572 75652 74734 75105 72717 72099
"GW08_R1" 93034 90314 87903 89442 81323 80436
"GW08_R2" 744180 719595 717258 718453 709993 699724
"GW08_R3" 66160 64430 62247 63518 55912 55292
"GW09_R1" 87818 86145 83889 85260 77844 76622
"GW09_R2" 112671 109554 107224 108504 99959 98774
"GW09_R3" 91783 89093 86681 88095 79800 78820
"GW10_R1" 1049305 1021942 1012254 1021633 1001688 965652
"GW10_R2" 86244 84289 82254 83388 75299 72976
"GW10_R3" 84833 82795 79795 81853 73455 71581
"GW11_R1" 97840 95645 93435 94926 84647 82735
"GW11_R2" 110475 108259 105622 107271 98116 95529
"GW11_R3" 100363 98179 95882 97265 88504 86399
"GWNC_R1" 12114 328 215 215 0 0
"GWNC_R2" 14058 1235 984 1022 34 34
"GWNC_R3" 15656 1567 1430 1440 1255 1255
"LB01_R1" 805701 777290 774607 776270 761333 756064
"LB01_R2" 9501 8651 5676 7646 2031 2012
"LB01_R3" 8087 7363 5261 6542 1438 1429
"LB02_R1" 12652 11572 8986 10503 54 54
"LB02_R2" 16029 14499 12396 13711 4680 4680
"LB02_R3" 59051 53526 51101 52310 45953 45953
"LB03_R1" 33354 26808 23961 25581 14871 14844
"LB03_R2" 50416 45782 43749 45131 36769 36722
"LB03_R3" 43548 38396 35941 37510 27577 27478
"LB04_R1" 5774 5607 3585 4694 0 0
"LB04_R2" 5293 4943 3014 4255 0 0
"LB04_R3" 4754 4408 2622 3730 0 0
"LB05_R1" 8251 7926 6097 7305 2 2
"LB05_R2" 7427 7032 5519 6516 0 0
"LB05_R3" 2559 2488 1450 1833 0 0
"LB06_R1" 5265 5011 3631 4483 56 56
"LB06_R2" 779016 758864 756470 757786 745004 743366
"LB06_R3" 672417 652373 649856 651129 640424 633981
"LB07_R1" 599461 583255 580480 581999 572727 571401
"LB07_R2" 703094 681728 679307 680670 667612 667076
"LB07_R3" 775620 754002 751462 753032 730563 727677
"LB08_R1" 626887 614356 611739 613249 597819 590746
"LB08_R2" 721360 707007 704429 706119 697709 695082
"LB08_R3" 613085 594152 591591 593046 584844 576491
"LB09_R1" 56185 54000 51540 52972 45407 43151
"LB09_R2" 47850 45695 43454 44954 38654 38603
"LB09_R3" 567137 545472 542793 544296 531644 530425
"LB10_R1" 538425 523304 521403 522417 512592 509393
"LB10_R2" 50034 47534 45700 46865 42007 41834
"LB10_R3" 521658 503038 501312 502231 495879 495082
"LB11_R1" 57376 55434 53774 54848 50551 50401
"LB11_R2" 613375 596244 594085 595204 587378 574439
"LB11_R3" 551823 531463 529348 530402 518385 516796
"LB12_R1" 36517 34333 32864 33781 28078 28057
"LB12_R2" 61269 58182 56597 57454 51626 50196
"LB12_R3" 49001 46865 45197 46128 41256 41242
"LB13_R1" 56429 52283 50230 51536 46372 46125
"LB13_R2" 64035 60429 58606 59686 53976 53898
"LB13_R3" 73372 70555 68470 69706 64649 64114
"LB14_R1" 723027 708665 705806 707232 697464 696085
"LB14_R2" 586374 572703 570484 571680 562399 560272
"LB14_R3" 602357 588049 585573 587034 579527 576148
"PC_C1_H12" 4934 2155 1843 2077 0 0
"PC_C2_H12" 11355 6457 6055 6263 0 0
"PC_C3_H12" 21604 10720 10299 10579 3 3
"PC_C4_H6" 6189 5720 5587 5673 0 0
"PC_D1_H12" 7045 3550 3166 3456 0 0
"PC_D2_H12" 9027 7917 7840 7787 0 0
"PC_D3_H12" 19071 7085 6531 6906 0 0
"PC_D4_E7" 108628 901 422 60 12 12
"PC_plate1" 255 176 114 145 7 7
"PC_plate2" 43955 2397 1708 1806 12 12
"PC_plate3" 24679 15054 14878 14915 10757 10757
"PC_plate4" 59707 53055 52552 52854 41859 41859
"PC-AGGAGGAA_TTCCTCCT" 10807 3713 3600 3631 0 0
"PC-CTCTACTC_GAGTAGAG" 6344 4592 4314 4478 6 6
"PC-CTTCACCA_TGGTGAAG" 666 593 566 584 0 0
"PC-GATCGAGT_ACTCGATC" 16940 6240 5878 6052 0 0
"SK01_R1" 6047 5752 4613 5359 219 219
"SK01_R2" 76043 64122 62969 63512 57067 57067
"SK01_R3" 66377 57991 57127 57480 54017 54017
"SK02_R1" 8380 7526 6638 7105 399 399
"SK02_R2" 84101 72494 71766 72130 65859 65859
"SK02_R3" 135929 130403 129475 130106 124066 124060
"SK03_R1" 77480 70285 69646 70024 64611 64611
"SK03_R2" 7127 6532 5859 6254 263 263
"SK03_R3" 31273 27907 27099 27625 22188 22188
"SK04_R1" 1169 1068 504 788 65 65
"SK04_R2" 5926 5714 4692 5239 647 647
"SK04_R3" 1715 1560 733 1155 60 60
"SK05_R1" 1221 1165 296 702 2 2
"SK05_R2" 3496 2935 1583 2150 101 101
"SK05_R3" 1136 1022 365 549 22 22
"SK06_R1" 5168 4689 3332 3852 410 410
"SK06_R2" 5968 5196 3598 4040 1179 1179
"SK06_R3" 792 639 72 250 0 0
"SK07_R1" 2135 1828 804 1042 51 51
"SK07_R2" 1171 1013 292 600 5 5
"SK07_R3" 2970 2502 1327 1681 113 113
"SK08_R1" 5442 4281 2509 3068 723 723
"SK08_R2" 5739 4692 2907 3600 433 433
"SK08_R3" 6000 4501 2817 3479 474 474
"SK09_R1" 892916 857558 855515 856381 849662 848615
"SK09_R2" 3827 2974 1501 2064 165 165
"SK09_R3" 4976 2908 1244 1738 279 279
"SK10_R1" 4959 4211 2741 3378 277 277
"SK10_R2" 4143 3422 1801 2298 348 348
"SK10_R3" 1388 998 365 561 3 3
"SK11_R1" 941 750 149 380 3 3
"SK11_R2" 1964 1391 408 819 0 0
"SK11_R3" 3441 3048 1721 2052 272 272
"SKNC_R1" 25705 5952 5467 5668 1720 1720
"SKNC_R2" 7123 2493 2146 2378 0 0
"SKNC_R3" 21650 3049 2654 2818 367 367
"TW01_R1" 1171 1038 418 818 0 0
"TW01_R2" 569 397 33 260 0 0
"TW01_R3" 401 364 58 236 0 0
"TW02_R1" 8572 2480 1919 2245 271 271
"TW02_R2" 7022 2992 2168 2683 311 311
"TW02_R3" 8102 2893 2145 2617 195 195
"TW03_R1" 10331 4774 4059 4488 1473 1473
"TW03_R2" 10025 4993 4256 4709 1305 1305
"TW03_R3" 8937 2998 2465 2750 178 178
"TW04_R1" 11268 4977 4188 4736 2383 2382
"TW04_R2" 3447 2802 1898 2570 217 217
"TW04_R3" 4180 2910 2113 2700 520 520
"TW05_R1" 21737 18504 17386 18128 15252 15252
"TW05_R2" 6757 6213 4712 5800 1882 1882
"TW05_R3" 30655 25313 24647 25141 22663 22663
"TW06_R1" 26923 23136 21416 22591 17673 17658
"TW06_R2" 37047 33690 32493 33302 30528 30460
"TW06_R3" 5829 5511 4159 5058 2249 2249
"TW07_R1" 6924 6442 5308 6136 2673 2673
"TW07_R2" 47554 44484 43036 44079 40030 39595
"TW07_R3" 6419 6018 4498 5580 1914 1914
"TW08_R1" 32631 29934 28615 29515 25674 25477
"TW08_R2" 10471 9879 7752 9256 4530 4524
"TW08_R3" 9216 8675 6766 8094 4002 3992
"TW09_R1" 9730 8939 6262 8016 3442 3442
"TW09_R2" 6416 5671 4579 5380 1546 1546
"TW09_R3" 6108 5338 3711 4895 1850 1849
"TW10_R1" 35682 32631 31255 32407 30228 30228
"TW10_R2" 47251 44915 42959 44480 37887 37429
"TW10_R3" 65825 61915 61261 61739 60009 59647
"TW11_R1" 69906 68487 66496 67837 62337 61269
"TW11_R2" 9908 9487 7433 8869 5173 5155
"TW11_R3" 7116 6875 4618 6199 2674 2674
"TW12_R1" 3846 3767 2786 3617 1547 1547
"TW12_R2" 35717 34684 33468 34280 30344 30147
"TW12_R3" 271103 266617 265722 266055 262695 257925
"TWNC_R2" 51155 528 24 24 24 24
"TWNC_R3" 21307 257 15 11 0 0
